Webots Project File version R2020a
perspectives: 000000ff00000000fd000000030000000000000320000003d0fc0100000002fb0000001e00480074006d006c0052006f0062006f007400570069006e0064006f00770000000000000003200000000000000000fb0000001a0044006f00630075006d0065006e0074006100740069006f006e0000000000ffffffff0000006900ffffff00000001000002450000032bfc0200000001fb0000001400540065007800740045006400690074006f007201000000150000032b0000008700ffffff0000000300000780000000a3fc0100000001fb0000000e0043006f006e0073006f006c00650100000000000007800000006900ffffff000005390000032b00000001000000020000000100000008fc00000000
simulationViewPerspectives: 000000ff000000010000000200000000000004920100000002010000000100
sceneTreePerspectives: 000000ff0000000100000002000000c0000000fc0100000002010000000200
maximizedDockId: -1
centralWidgetVisible: 1
selectionDisabled: 0
viewpointLocked: 0
orthographicViewHeight: 1
textFiles: 0 "controllers/TheA-maze-ingRacers_z5204873_z5197018_z5195019/TheA-maze-ingRacers_z5204873_z5197018_z5195019.cpp"
renderingDevicePerspectives: e-puck:display;1;1.04297;0;0
renderingDevicePerspectives: e-puck:camera;0;0.824074;0;0.00607759
