Webots Project File version R2020a
perspectives: 000000ff00000000fd00000003000000000000000000000000fc0100000001fb0000001a0044006f00630075006d0065006e0074006100740069006f006e0000000000ffffffff0000006900ffffff00000001000005a20000062afc0200000001fb0000001400540065007800740045006400690074006f0072010000002f0000062a000000a600ffffff0000000300000f00000001affc0100000001fb0000000e0043006f006e0073006f006c0065010000000000000f000000006900ffffff0000095c0000062a00000001000000020000000100000008fc00000000
simulationViewPerspectives: 000000ff0000000100000002000002b8000006a20100000002010000000100
sceneTreePerspectives: 000000ff0000000100000002000000c0000000fa0100000002010000000200
maximizedDockId: -1
centralWidgetVisible: 1
selectionDisabled: 0
viewpointLocked: 0
orthographicViewHeight: 1
textFiles: 0 "controllers/TheA-maze-ingRacers_z5204873_z5197018/z5195019_MTRN4110_PhaseA.cpp"
renderingDevicePerspectives: e-puck:display;1;1;0.465675;0.322924
renderingDevicePerspectives: e-puck:camera;1;1;0.123948;0.0425249
